%YAML:1.0
---
calibration_time: "Fri Jan 30 21:02:53 2026"
image_width: 640
image_height: 480
flags: 0
camera_matrix: !!opencv-matrix
   rows: 3
   cols: 3
   dt: d
   data: [  3.8284519619917467e+02, 0., 3.1445975542911310e+02, 
            0., 3.8100147438428655e+02, 2.9208890578720639e+02, 
            0., 0., 1. ]
distortion_coefficients: !!opencv-matrix
   rows: 1
   cols: 5
   dt: d
   data: [ -3.4142178854831597e-02, 4.3618015254340219e-02,
       2.9488455887563342e-02, -9.5263239541562388e-04,
       -1.1767017120222080e-02 ]
avg_reprojection_error: 1.0673985707395528e+00
